{
 "cells": [
  {
   "cell_type": "markdown",
   "metadata": {
    "id": "oySexDZLCivo"
   },
   "source": [
    "### Problem 1\n",
    "\n",
    "Load \"the original dataset\" from https://www4.stat.ncsu.edu/~boos/var.select/diabetes.html into a pandas dataframe. (Hints: pandas.read_csv can read in a tab-separated file and information on the columns can be obtained from the brief description through the link above) \n",
    "1. What is the output variable for this dataset? (i.e. which variable is the one that a data scientist would predict, using this dataset?)\n",
    "2. All the other columns in the dataset are the attributes. For each attribute: compute the mean and the standard deviation. For all of the attributes together, create a correlation matrix (Using Pearson correlation coefficients). Please use numpy and scipy methods. Next, calculate a correlation matrix using the pandas method (your dataframe variable name).corr. Did you get the same values?\n",
    "3. Does it make sense to calculate the mean and standard deviation for all of the columns? Is the correlation meaningful? Why or why not?\n",
    "4. Why is the main diagonal of the correlation coefficient equal to a vector of ones? Justify your answer\n"
   ]
  },
  {
   "cell_type": "code",
   "execution_count": 13,
   "metadata": {},
   "outputs": [
    {
     "data": {
      "text/html": [
       "<div>\n",
       "<style scoped>\n",
       "    .dataframe tbody tr th:only-of-type {\n",
       "        vertical-align: middle;\n",
       "    }\n",
       "\n",
       "    .dataframe tbody tr th {\n",
       "        vertical-align: top;\n",
       "    }\n",
       "\n",
       "    .dataframe thead th {\n",
       "        text-align: right;\n",
       "    }\n",
       "</style>\n",
       "<table border=\"1\" class=\"dataframe\">\n",
       "  <thead>\n",
       "    <tr style=\"text-align: right;\">\n",
       "      <th></th>\n",
       "      <th>AGE</th>\n",
       "      <th>SEX</th>\n",
       "      <th>BMI</th>\n",
       "      <th>BP</th>\n",
       "      <th>S1</th>\n",
       "      <th>S2</th>\n",
       "      <th>S3</th>\n",
       "      <th>S4</th>\n",
       "      <th>S5</th>\n",
       "      <th>S6</th>\n",
       "      <th>Y</th>\n",
       "    </tr>\n",
       "  </thead>\n",
       "  <tbody>\n",
       "    <tr>\n",
       "      <th>0</th>\n",
       "      <td>59</td>\n",
       "      <td>2</td>\n",
       "      <td>32.1</td>\n",
       "      <td>101.00</td>\n",
       "      <td>157</td>\n",
       "      <td>93.2</td>\n",
       "      <td>38.0</td>\n",
       "      <td>4.00</td>\n",
       "      <td>4.8598</td>\n",
       "      <td>87</td>\n",
       "      <td>151</td>\n",
       "    </tr>\n",
       "    <tr>\n",
       "      <th>1</th>\n",
       "      <td>48</td>\n",
       "      <td>1</td>\n",
       "      <td>21.6</td>\n",
       "      <td>87.00</td>\n",
       "      <td>183</td>\n",
       "      <td>103.2</td>\n",
       "      <td>70.0</td>\n",
       "      <td>3.00</td>\n",
       "      <td>3.8918</td>\n",
       "      <td>69</td>\n",
       "      <td>75</td>\n",
       "    </tr>\n",
       "    <tr>\n",
       "      <th>2</th>\n",
       "      <td>72</td>\n",
       "      <td>2</td>\n",
       "      <td>30.5</td>\n",
       "      <td>93.00</td>\n",
       "      <td>156</td>\n",
       "      <td>93.6</td>\n",
       "      <td>41.0</td>\n",
       "      <td>4.00</td>\n",
       "      <td>4.6728</td>\n",
       "      <td>85</td>\n",
       "      <td>141</td>\n",
       "    </tr>\n",
       "    <tr>\n",
       "      <th>3</th>\n",
       "      <td>24</td>\n",
       "      <td>1</td>\n",
       "      <td>25.3</td>\n",
       "      <td>84.00</td>\n",
       "      <td>198</td>\n",
       "      <td>131.4</td>\n",
       "      <td>40.0</td>\n",
       "      <td>5.00</td>\n",
       "      <td>4.8903</td>\n",
       "      <td>89</td>\n",
       "      <td>206</td>\n",
       "    </tr>\n",
       "    <tr>\n",
       "      <th>4</th>\n",
       "      <td>50</td>\n",
       "      <td>1</td>\n",
       "      <td>23.0</td>\n",
       "      <td>101.00</td>\n",
       "      <td>192</td>\n",
       "      <td>125.4</td>\n",
       "      <td>52.0</td>\n",
       "      <td>4.00</td>\n",
       "      <td>4.2905</td>\n",
       "      <td>80</td>\n",
       "      <td>135</td>\n",
       "    </tr>\n",
       "    <tr>\n",
       "      <th>...</th>\n",
       "      <td>...</td>\n",
       "      <td>...</td>\n",
       "      <td>...</td>\n",
       "      <td>...</td>\n",
       "      <td>...</td>\n",
       "      <td>...</td>\n",
       "      <td>...</td>\n",
       "      <td>...</td>\n",
       "      <td>...</td>\n",
       "      <td>...</td>\n",
       "      <td>...</td>\n",
       "    </tr>\n",
       "    <tr>\n",
       "      <th>437</th>\n",
       "      <td>60</td>\n",
       "      <td>2</td>\n",
       "      <td>28.2</td>\n",
       "      <td>112.00</td>\n",
       "      <td>185</td>\n",
       "      <td>113.8</td>\n",
       "      <td>42.0</td>\n",
       "      <td>4.00</td>\n",
       "      <td>4.9836</td>\n",
       "      <td>93</td>\n",
       "      <td>178</td>\n",
       "    </tr>\n",
       "    <tr>\n",
       "      <th>438</th>\n",
       "      <td>47</td>\n",
       "      <td>2</td>\n",
       "      <td>24.9</td>\n",
       "      <td>75.00</td>\n",
       "      <td>225</td>\n",
       "      <td>166.0</td>\n",
       "      <td>42.0</td>\n",
       "      <td>5.00</td>\n",
       "      <td>4.4427</td>\n",
       "      <td>102</td>\n",
       "      <td>104</td>\n",
       "    </tr>\n",
       "    <tr>\n",
       "      <th>439</th>\n",
       "      <td>60</td>\n",
       "      <td>2</td>\n",
       "      <td>24.9</td>\n",
       "      <td>99.67</td>\n",
       "      <td>162</td>\n",
       "      <td>106.6</td>\n",
       "      <td>43.0</td>\n",
       "      <td>3.77</td>\n",
       "      <td>4.1271</td>\n",
       "      <td>95</td>\n",
       "      <td>132</td>\n",
       "    </tr>\n",
       "    <tr>\n",
       "      <th>440</th>\n",
       "      <td>36</td>\n",
       "      <td>1</td>\n",
       "      <td>30.0</td>\n",
       "      <td>95.00</td>\n",
       "      <td>201</td>\n",
       "      <td>125.2</td>\n",
       "      <td>42.0</td>\n",
       "      <td>4.79</td>\n",
       "      <td>5.1299</td>\n",
       "      <td>85</td>\n",
       "      <td>220</td>\n",
       "    </tr>\n",
       "    <tr>\n",
       "      <th>441</th>\n",
       "      <td>36</td>\n",
       "      <td>1</td>\n",
       "      <td>19.6</td>\n",
       "      <td>71.00</td>\n",
       "      <td>250</td>\n",
       "      <td>133.2</td>\n",
       "      <td>97.0</td>\n",
       "      <td>3.00</td>\n",
       "      <td>4.5951</td>\n",
       "      <td>92</td>\n",
       "      <td>57</td>\n",
       "    </tr>\n",
       "  </tbody>\n",
       "</table>\n",
       "<p>442 rows × 11 columns</p>\n",
       "</div>"
      ],
      "text/plain": [
       "     AGE  SEX   BMI      BP   S1     S2    S3    S4      S5   S6    Y\n",
       "0     59    2  32.1  101.00  157   93.2  38.0  4.00  4.8598   87  151\n",
       "1     48    1  21.6   87.00  183  103.2  70.0  3.00  3.8918   69   75\n",
       "2     72    2  30.5   93.00  156   93.6  41.0  4.00  4.6728   85  141\n",
       "3     24    1  25.3   84.00  198  131.4  40.0  5.00  4.8903   89  206\n",
       "4     50    1  23.0  101.00  192  125.4  52.0  4.00  4.2905   80  135\n",
       "..   ...  ...   ...     ...  ...    ...   ...   ...     ...  ...  ...\n",
       "437   60    2  28.2  112.00  185  113.8  42.0  4.00  4.9836   93  178\n",
       "438   47    2  24.9   75.00  225  166.0  42.0  5.00  4.4427  102  104\n",
       "439   60    2  24.9   99.67  162  106.6  43.0  3.77  4.1271   95  132\n",
       "440   36    1  30.0   95.00  201  125.2  42.0  4.79  5.1299   85  220\n",
       "441   36    1  19.6   71.00  250  133.2  97.0  3.00  4.5951   92   57\n",
       "\n",
       "[442 rows x 11 columns]"
      ]
     },
     "execution_count": 13,
     "metadata": {},
     "output_type": "execute_result"
    }
   ],
   "source": [
    "import pandas as pd\n",
    "import numpy as np\n",
    "\n",
    "df = pd.read_csv(\"https://www4.stat.ncsu.edu/~boos/var.select/diabetes.tab.txt\", sep=\"\\t\")\n",
    "df"
   ]
  },
  {
   "cell_type": "markdown",
   "metadata": {},
   "source": [
    "1. output variable: quantitative measure of disease progression one year after baseline\n"
   ]
  },
  {
   "cell_type": "code",
   "execution_count": 1,
   "metadata": {},
   "outputs": [],
   "source": [
    "#1. Y is the output variable for the dataframe. Y is a measure of how far the disease has progressed in 1 year \\\n",
    "# after the initial data collection."
   ]
  },
  {
   "cell_type": "code",
   "execution_count": 44,
   "metadata": {},
   "outputs": [
    {
     "name": "stdout",
     "output_type": "stream",
     "text": [
      "mean: {'AGE': 48.51809954751131, 'SEX': 1.4683257918552035, 'BMI': 26.37579185520362, 'BP': 94.64701357466062, 'S1': 189.14027149321268, 'S2': 115.43914027149322, 'S3': 49.78846153846154, 'S4': 4.070248868778281, 'S5': 4.641410859728507, 'S6': 91.26018099547511, 'Y': 152.13348416289594}\n",
      "standard dev: {'AGE': 171.84661043904742, 'SEX': 0.2495613630067412, 'BMI': 19.519798124377957, 'BP': 191.30440103836406, 'S1': 1197.7172407424507, 'S2': 924.9554940437713, 'S3': 167.2935853828711, 'S4': 1.6652609356563137, 'S5': 0.2728918982944973, 'S6': 132.16571243882169, 'Y': 5943.331347923785}\n",
      "[[ 59.       2.      32.1    ...   4.8598  87.     151.    ]\n",
      " [ 48.       1.      21.6    ...   3.8918  69.      75.    ]\n",
      " [ 72.       2.      30.5    ...   4.6728  85.     141.    ]\n",
      " ...\n",
      " [ 60.       2.      24.9    ...   4.1271  95.     132.    ]\n",
      " [ 36.       1.      30.     ...   5.1299  85.     220.    ]\n",
      " [ 36.       1.      19.6    ...   4.5951  92.      57.    ]]\n",
      "Correlation coefficient matrix (computed with numpy):\n"
     ]
    },
    {
     "data": {
      "text/html": [
       "<div>\n",
       "<style scoped>\n",
       "    .dataframe tbody tr th:only-of-type {\n",
       "        vertical-align: middle;\n",
       "    }\n",
       "\n",
       "    .dataframe tbody tr th {\n",
       "        vertical-align: top;\n",
       "    }\n",
       "\n",
       "    .dataframe thead th {\n",
       "        text-align: right;\n",
       "    }\n",
       "</style>\n",
       "<table border=\"1\" class=\"dataframe\">\n",
       "  <thead>\n",
       "    <tr style=\"text-align: right;\">\n",
       "      <th></th>\n",
       "      <th>AGE</th>\n",
       "      <th>SEX</th>\n",
       "      <th>BMI</th>\n",
       "      <th>BP</th>\n",
       "      <th>S1</th>\n",
       "      <th>S2</th>\n",
       "      <th>S3</th>\n",
       "      <th>S4</th>\n",
       "      <th>S5</th>\n",
       "      <th>S6</th>\n",
       "      <th>Y</th>\n",
       "    </tr>\n",
       "  </thead>\n",
       "  <tbody>\n",
       "    <tr>\n",
       "      <th>0</th>\n",
       "      <td>1.000000</td>\n",
       "      <td>0.173737</td>\n",
       "      <td>0.185085</td>\n",
       "      <td>0.335428</td>\n",
       "      <td>0.260061</td>\n",
       "      <td>0.219243</td>\n",
       "      <td>-0.075181</td>\n",
       "      <td>0.203841</td>\n",
       "      <td>0.270774</td>\n",
       "      <td>0.301731</td>\n",
       "      <td>0.187889</td>\n",
       "    </tr>\n",
       "    <tr>\n",
       "      <th>1</th>\n",
       "      <td>0.173737</td>\n",
       "      <td>1.000000</td>\n",
       "      <td>0.088161</td>\n",
       "      <td>0.241010</td>\n",
       "      <td>0.035277</td>\n",
       "      <td>0.142637</td>\n",
       "      <td>-0.379090</td>\n",
       "      <td>0.332115</td>\n",
       "      <td>0.149916</td>\n",
       "      <td>0.208133</td>\n",
       "      <td>0.043062</td>\n",
       "    </tr>\n",
       "    <tr>\n",
       "      <th>2</th>\n",
       "      <td>0.185085</td>\n",
       "      <td>0.088161</td>\n",
       "      <td>1.000000</td>\n",
       "      <td>0.395411</td>\n",
       "      <td>0.249777</td>\n",
       "      <td>0.261170</td>\n",
       "      <td>-0.366811</td>\n",
       "      <td>0.413807</td>\n",
       "      <td>0.446157</td>\n",
       "      <td>0.388680</td>\n",
       "      <td>0.586450</td>\n",
       "    </tr>\n",
       "    <tr>\n",
       "      <th>3</th>\n",
       "      <td>0.335428</td>\n",
       "      <td>0.241010</td>\n",
       "      <td>0.395411</td>\n",
       "      <td>1.000000</td>\n",
       "      <td>0.242464</td>\n",
       "      <td>0.185548</td>\n",
       "      <td>-0.178762</td>\n",
       "      <td>0.257650</td>\n",
       "      <td>0.393480</td>\n",
       "      <td>0.390430</td>\n",
       "      <td>0.441482</td>\n",
       "    </tr>\n",
       "    <tr>\n",
       "      <th>4</th>\n",
       "      <td>0.260061</td>\n",
       "      <td>0.035277</td>\n",
       "      <td>0.249777</td>\n",
       "      <td>0.242464</td>\n",
       "      <td>1.000000</td>\n",
       "      <td>0.896663</td>\n",
       "      <td>0.051519</td>\n",
       "      <td>0.542207</td>\n",
       "      <td>0.515503</td>\n",
       "      <td>0.325717</td>\n",
       "      <td>0.212022</td>\n",
       "    </tr>\n",
       "    <tr>\n",
       "      <th>5</th>\n",
       "      <td>0.219243</td>\n",
       "      <td>0.142637</td>\n",
       "      <td>0.261170</td>\n",
       "      <td>0.185548</td>\n",
       "      <td>0.896663</td>\n",
       "      <td>1.000000</td>\n",
       "      <td>-0.196455</td>\n",
       "      <td>0.659817</td>\n",
       "      <td>0.318357</td>\n",
       "      <td>0.290600</td>\n",
       "      <td>0.174054</td>\n",
       "    </tr>\n",
       "    <tr>\n",
       "      <th>6</th>\n",
       "      <td>-0.075181</td>\n",
       "      <td>-0.379090</td>\n",
       "      <td>-0.366811</td>\n",
       "      <td>-0.178762</td>\n",
       "      <td>0.051519</td>\n",
       "      <td>-0.196455</td>\n",
       "      <td>1.000000</td>\n",
       "      <td>-0.738493</td>\n",
       "      <td>-0.398577</td>\n",
       "      <td>-0.273697</td>\n",
       "      <td>-0.394789</td>\n",
       "    </tr>\n",
       "    <tr>\n",
       "      <th>7</th>\n",
       "      <td>0.203841</td>\n",
       "      <td>0.332115</td>\n",
       "      <td>0.413807</td>\n",
       "      <td>0.257650</td>\n",
       "      <td>0.542207</td>\n",
       "      <td>0.659817</td>\n",
       "      <td>-0.738493</td>\n",
       "      <td>1.000000</td>\n",
       "      <td>0.617859</td>\n",
       "      <td>0.417212</td>\n",
       "      <td>0.430453</td>\n",
       "    </tr>\n",
       "    <tr>\n",
       "      <th>8</th>\n",
       "      <td>0.270774</td>\n",
       "      <td>0.149916</td>\n",
       "      <td>0.446157</td>\n",
       "      <td>0.393480</td>\n",
       "      <td>0.515503</td>\n",
       "      <td>0.318357</td>\n",
       "      <td>-0.398577</td>\n",
       "      <td>0.617859</td>\n",
       "      <td>1.000000</td>\n",
       "      <td>0.464669</td>\n",
       "      <td>0.565883</td>\n",
       "    </tr>\n",
       "    <tr>\n",
       "      <th>9</th>\n",
       "      <td>0.301731</td>\n",
       "      <td>0.208133</td>\n",
       "      <td>0.388680</td>\n",
       "      <td>0.390430</td>\n",
       "      <td>0.325717</td>\n",
       "      <td>0.290600</td>\n",
       "      <td>-0.273697</td>\n",
       "      <td>0.417212</td>\n",
       "      <td>0.464669</td>\n",
       "      <td>1.000000</td>\n",
       "      <td>0.382483</td>\n",
       "    </tr>\n",
       "    <tr>\n",
       "      <th>10</th>\n",
       "      <td>0.187889</td>\n",
       "      <td>0.043062</td>\n",
       "      <td>0.586450</td>\n",
       "      <td>0.441482</td>\n",
       "      <td>0.212022</td>\n",
       "      <td>0.174054</td>\n",
       "      <td>-0.394789</td>\n",
       "      <td>0.430453</td>\n",
       "      <td>0.565883</td>\n",
       "      <td>0.382483</td>\n",
       "      <td>1.000000</td>\n",
       "    </tr>\n",
       "  </tbody>\n",
       "</table>\n",
       "</div>"
      ],
      "text/plain": [
       "         AGE       SEX       BMI        BP        S1        S2        S3  \\\n",
       "0   1.000000  0.173737  0.185085  0.335428  0.260061  0.219243 -0.075181   \n",
       "1   0.173737  1.000000  0.088161  0.241010  0.035277  0.142637 -0.379090   \n",
       "2   0.185085  0.088161  1.000000  0.395411  0.249777  0.261170 -0.366811   \n",
       "3   0.335428  0.241010  0.395411  1.000000  0.242464  0.185548 -0.178762   \n",
       "4   0.260061  0.035277  0.249777  0.242464  1.000000  0.896663  0.051519   \n",
       "5   0.219243  0.142637  0.261170  0.185548  0.896663  1.000000 -0.196455   \n",
       "6  -0.075181 -0.379090 -0.366811 -0.178762  0.051519 -0.196455  1.000000   \n",
       "7   0.203841  0.332115  0.413807  0.257650  0.542207  0.659817 -0.738493   \n",
       "8   0.270774  0.149916  0.446157  0.393480  0.515503  0.318357 -0.398577   \n",
       "9   0.301731  0.208133  0.388680  0.390430  0.325717  0.290600 -0.273697   \n",
       "10  0.187889  0.043062  0.586450  0.441482  0.212022  0.174054 -0.394789   \n",
       "\n",
       "          S4        S5        S6         Y  \n",
       "0   0.203841  0.270774  0.301731  0.187889  \n",
       "1   0.332115  0.149916  0.208133  0.043062  \n",
       "2   0.413807  0.446157  0.388680  0.586450  \n",
       "3   0.257650  0.393480  0.390430  0.441482  \n",
       "4   0.542207  0.515503  0.325717  0.212022  \n",
       "5   0.659817  0.318357  0.290600  0.174054  \n",
       "6  -0.738493 -0.398577 -0.273697 -0.394789  \n",
       "7   1.000000  0.617859  0.417212  0.430453  \n",
       "8   0.617859  1.000000  0.464669  0.565883  \n",
       "9   0.417212  0.464669  1.000000  0.382483  \n",
       "10  0.430453  0.565883  0.382483  1.000000  "
      ]
     },
     "metadata": {},
     "output_type": "display_data"
    },
    {
     "name": "stdout",
     "output_type": "stream",
     "text": [
      "Correlation coefficient matrix (computed with pandas):\n"
     ]
    },
    {
     "data": {
      "text/html": [
       "<div>\n",
       "<style scoped>\n",
       "    .dataframe tbody tr th:only-of-type {\n",
       "        vertical-align: middle;\n",
       "    }\n",
       "\n",
       "    .dataframe tbody tr th {\n",
       "        vertical-align: top;\n",
       "    }\n",
       "\n",
       "    .dataframe thead th {\n",
       "        text-align: right;\n",
       "    }\n",
       "</style>\n",
       "<table border=\"1\" class=\"dataframe\">\n",
       "  <thead>\n",
       "    <tr style=\"text-align: right;\">\n",
       "      <th></th>\n",
       "      <th>AGE</th>\n",
       "      <th>SEX</th>\n",
       "      <th>BMI</th>\n",
       "      <th>BP</th>\n",
       "      <th>S1</th>\n",
       "      <th>S2</th>\n",
       "      <th>S3</th>\n",
       "      <th>S4</th>\n",
       "      <th>S5</th>\n",
       "      <th>S6</th>\n",
       "      <th>Y</th>\n",
       "    </tr>\n",
       "  </thead>\n",
       "  <tbody>\n",
       "    <tr>\n",
       "      <th>AGE</th>\n",
       "      <td>1.000000</td>\n",
       "      <td>0.173737</td>\n",
       "      <td>0.185085</td>\n",
       "      <td>0.335428</td>\n",
       "      <td>0.260061</td>\n",
       "      <td>0.219243</td>\n",
       "      <td>-0.075181</td>\n",
       "      <td>0.203841</td>\n",
       "      <td>0.270774</td>\n",
       "      <td>0.301731</td>\n",
       "      <td>0.187889</td>\n",
       "    </tr>\n",
       "    <tr>\n",
       "      <th>SEX</th>\n",
       "      <td>0.173737</td>\n",
       "      <td>1.000000</td>\n",
       "      <td>0.088161</td>\n",
       "      <td>0.241010</td>\n",
       "      <td>0.035277</td>\n",
       "      <td>0.142637</td>\n",
       "      <td>-0.379090</td>\n",
       "      <td>0.332115</td>\n",
       "      <td>0.149916</td>\n",
       "      <td>0.208133</td>\n",
       "      <td>0.043062</td>\n",
       "    </tr>\n",
       "    <tr>\n",
       "      <th>BMI</th>\n",
       "      <td>0.185085</td>\n",
       "      <td>0.088161</td>\n",
       "      <td>1.000000</td>\n",
       "      <td>0.395411</td>\n",
       "      <td>0.249777</td>\n",
       "      <td>0.261170</td>\n",
       "      <td>-0.366811</td>\n",
       "      <td>0.413807</td>\n",
       "      <td>0.446157</td>\n",
       "      <td>0.388680</td>\n",
       "      <td>0.586450</td>\n",
       "    </tr>\n",
       "    <tr>\n",
       "      <th>BP</th>\n",
       "      <td>0.335428</td>\n",
       "      <td>0.241010</td>\n",
       "      <td>0.395411</td>\n",
       "      <td>1.000000</td>\n",
       "      <td>0.242464</td>\n",
       "      <td>0.185548</td>\n",
       "      <td>-0.178762</td>\n",
       "      <td>0.257650</td>\n",
       "      <td>0.393480</td>\n",
       "      <td>0.390430</td>\n",
       "      <td>0.441482</td>\n",
       "    </tr>\n",
       "    <tr>\n",
       "      <th>S1</th>\n",
       "      <td>0.260061</td>\n",
       "      <td>0.035277</td>\n",
       "      <td>0.249777</td>\n",
       "      <td>0.242464</td>\n",
       "      <td>1.000000</td>\n",
       "      <td>0.896663</td>\n",
       "      <td>0.051519</td>\n",
       "      <td>0.542207</td>\n",
       "      <td>0.515503</td>\n",
       "      <td>0.325717</td>\n",
       "      <td>0.212022</td>\n",
       "    </tr>\n",
       "    <tr>\n",
       "      <th>S2</th>\n",
       "      <td>0.219243</td>\n",
       "      <td>0.142637</td>\n",
       "      <td>0.261170</td>\n",
       "      <td>0.185548</td>\n",
       "      <td>0.896663</td>\n",
       "      <td>1.000000</td>\n",
       "      <td>-0.196455</td>\n",
       "      <td>0.659817</td>\n",
       "      <td>0.318357</td>\n",
       "      <td>0.290600</td>\n",
       "      <td>0.174054</td>\n",
       "    </tr>\n",
       "    <tr>\n",
       "      <th>S3</th>\n",
       "      <td>-0.075181</td>\n",
       "      <td>-0.379090</td>\n",
       "      <td>-0.366811</td>\n",
       "      <td>-0.178762</td>\n",
       "      <td>0.051519</td>\n",
       "      <td>-0.196455</td>\n",
       "      <td>1.000000</td>\n",
       "      <td>-0.738493</td>\n",
       "      <td>-0.398577</td>\n",
       "      <td>-0.273697</td>\n",
       "      <td>-0.394789</td>\n",
       "    </tr>\n",
       "    <tr>\n",
       "      <th>S4</th>\n",
       "      <td>0.203841</td>\n",
       "      <td>0.332115</td>\n",
       "      <td>0.413807</td>\n",
       "      <td>0.257650</td>\n",
       "      <td>0.542207</td>\n",
       "      <td>0.659817</td>\n",
       "      <td>-0.738493</td>\n",
       "      <td>1.000000</td>\n",
       "      <td>0.617859</td>\n",
       "      <td>0.417212</td>\n",
       "      <td>0.430453</td>\n",
       "    </tr>\n",
       "    <tr>\n",
       "      <th>S5</th>\n",
       "      <td>0.270774</td>\n",
       "      <td>0.149916</td>\n",
       "      <td>0.446157</td>\n",
       "      <td>0.393480</td>\n",
       "      <td>0.515503</td>\n",
       "      <td>0.318357</td>\n",
       "      <td>-0.398577</td>\n",
       "      <td>0.617859</td>\n",
       "      <td>1.000000</td>\n",
       "      <td>0.464669</td>\n",
       "      <td>0.565883</td>\n",
       "    </tr>\n",
       "    <tr>\n",
       "      <th>S6</th>\n",
       "      <td>0.301731</td>\n",
       "      <td>0.208133</td>\n",
       "      <td>0.388680</td>\n",
       "      <td>0.390430</td>\n",
       "      <td>0.325717</td>\n",
       "      <td>0.290600</td>\n",
       "      <td>-0.273697</td>\n",
       "      <td>0.417212</td>\n",
       "      <td>0.464669</td>\n",
       "      <td>1.000000</td>\n",
       "      <td>0.382483</td>\n",
       "    </tr>\n",
       "    <tr>\n",
       "      <th>Y</th>\n",
       "      <td>0.187889</td>\n",
       "      <td>0.043062</td>\n",
       "      <td>0.586450</td>\n",
       "      <td>0.441482</td>\n",
       "      <td>0.212022</td>\n",
       "      <td>0.174054</td>\n",
       "      <td>-0.394789</td>\n",
       "      <td>0.430453</td>\n",
       "      <td>0.565883</td>\n",
       "      <td>0.382483</td>\n",
       "      <td>1.000000</td>\n",
       "    </tr>\n",
       "  </tbody>\n",
       "</table>\n",
       "</div>"
      ],
      "text/plain": [
       "          AGE       SEX       BMI        BP        S1        S2        S3  \\\n",
       "AGE  1.000000  0.173737  0.185085  0.335428  0.260061  0.219243 -0.075181   \n",
       "SEX  0.173737  1.000000  0.088161  0.241010  0.035277  0.142637 -0.379090   \n",
       "BMI  0.185085  0.088161  1.000000  0.395411  0.249777  0.261170 -0.366811   \n",
       "BP   0.335428  0.241010  0.395411  1.000000  0.242464  0.185548 -0.178762   \n",
       "S1   0.260061  0.035277  0.249777  0.242464  1.000000  0.896663  0.051519   \n",
       "S2   0.219243  0.142637  0.261170  0.185548  0.896663  1.000000 -0.196455   \n",
       "S3  -0.075181 -0.379090 -0.366811 -0.178762  0.051519 -0.196455  1.000000   \n",
       "S4   0.203841  0.332115  0.413807  0.257650  0.542207  0.659817 -0.738493   \n",
       "S5   0.270774  0.149916  0.446157  0.393480  0.515503  0.318357 -0.398577   \n",
       "S6   0.301731  0.208133  0.388680  0.390430  0.325717  0.290600 -0.273697   \n",
       "Y    0.187889  0.043062  0.586450  0.441482  0.212022  0.174054 -0.394789   \n",
       "\n",
       "           S4        S5        S6         Y  \n",
       "AGE  0.203841  0.270774  0.301731  0.187889  \n",
       "SEX  0.332115  0.149916  0.208133  0.043062  \n",
       "BMI  0.413807  0.446157  0.388680  0.586450  \n",
       "BP   0.257650  0.393480  0.390430  0.441482  \n",
       "S1   0.542207  0.515503  0.325717  0.212022  \n",
       "S2   0.659817  0.318357  0.290600  0.174054  \n",
       "S3  -0.738493 -0.398577 -0.273697 -0.394789  \n",
       "S4   1.000000  0.617859  0.417212  0.430453  \n",
       "S5   0.617859  1.000000  0.464669  0.565883  \n",
       "S6   0.417212  0.464669  1.000000  0.382483  \n",
       "Y    0.430453  0.565883  0.382483  1.000000  "
      ]
     },
     "metadata": {},
     "output_type": "display_data"
    }
   ],
   "source": [
    "\"\"\"\" \n",
    "2. All the other columns in the dataset are the attributes. \n",
    "For each attribute: compute the mean and the standard deviation. \n",
    "For all of the attributes together, create a correlation matrix \n",
    "(Using Pearson correlation coefficients). Please use numpy and scipy methods. \n",
    "Next, calculate a correlation matrix using the pandas method (your dataframe variable name).corr. \n",
    "Did you get the same values?\n",
    "\"\"\"\n",
    "my_corr = []\n",
    "Y = df[\"Y\"].values\n",
    "mean_Y = np.mean(Y)\n",
    "N = len(df)\n",
    "mean = {}\n",
    "std_dev = {}\n",
    "corr = []\n",
    "\n",
    "\n",
    "for (column_name, _) in df.iteritems():\n",
    "    X = df[column_name].values\n",
    "    mean[f\"{column_name}\"] = np.mean(X)\n",
    "    std_dev[f\"{column_name}\"] = (np.sum((X - np.mean(X))**2))/(N-1)\n",
    "\n",
    "print(f\"mean: {mean}\")\n",
    "print(f\"standard dev: {std_dev}\")\n",
    "print(np.array(df))\n",
    "\n",
    "# Pearson product-moment correlation: [-1, +1] -1: 负相关 -> +1: 正相关\n",
    "\n",
    "print(\"Correlation coefficient matrix (computed with numpy):\") \n",
    "# np.corrcoef (Pearson product-moment correlation efficient) \n",
    "# https://numpy.org/doc/stable/reference/generated/numpy.corrcoef.html\n",
    "# 如何理解np.array(df).T：因为这里的研究对象是每一列数据，而原始数据是以row为变量的，所以需要转置\n",
    "display(pd.DataFrame(np.corrcoef(np.array(df).T),columns=df.columns))\n",
    "\n",
    "print(\"Correlation coefficient matrix (computed with pandas):\")\n",
    "display(df.corr())"
   ]
  },
  {
   "cell_type": "markdown",
   "metadata": {},
   "source": [
    "3. Does it make sense to calculate the mean and standard deviation for all of the columns? Is the correlation meaningful? Why or why not?\n",
    "<br/>\n",
    "\n",
    "_Ans:_\n",
    "It does not truly make sense to calculate the mean or standard deviation for the SEX column. It is a categorical variable, and thus mean does not make sense. Furthermore, standard deviation is not useful, since there are no values besides 1 and 2."
   ]
  },
  {
   "cell_type": "markdown",
   "metadata": {},
   "source": [
    "4. Why is the main diagonal of the correlation coefficient equal to a vector of ones? Justify your answer\n",
    "\n",
    "<br/>\n",
    "\n",
    "_Ans_:\n",
    "The main diagonal of the correlation coefficient is equal to a vector of ones because every variable has full correlation with itself. "
   ]
  },
  {
   "cell_type": "markdown",
   "metadata": {},
   "source": [
    "### Problem 2"
   ]
  },
  {
   "cell_type": "markdown",
   "metadata": {},
   "source": [
    "###### Part 1: Predict the values of the output variable you identified above.\n",
    "1. Normalize all columns which it makes sense to normalize\n",
    "2. Separate the entries into train and test segments randomly. Have the train segment contain 80%, about 354 entries. Let the test segment contain the remaining entries.\n",
    "3. Use scikit-learn's linear regression algorithm to train on two columns of the train set, and test on the test set.\n",
    "4. Use the linear regression algorithm to train on all the columns of the train set, and test on the test set.\n",
    "5. Try different combinations of columns. See if you can find any combination that is better than using all of the columns.\n",
    "6. Based on the values of MSE or R-squared of the train set and test set, what combination do you think is the best? "
   ]
  },
  {
   "cell_type": "code",
   "execution_count": 49,
   "metadata": {},
   "outputs": [
    {
     "data": {
      "text/html": [
       "<div>\n",
       "<style scoped>\n",
       "    .dataframe tbody tr th:only-of-type {\n",
       "        vertical-align: middle;\n",
       "    }\n",
       "\n",
       "    .dataframe tbody tr th {\n",
       "        vertical-align: top;\n",
       "    }\n",
       "\n",
       "    .dataframe thead th {\n",
       "        text-align: right;\n",
       "    }\n",
       "</style>\n",
       "<table border=\"1\" class=\"dataframe\">\n",
       "  <thead>\n",
       "    <tr style=\"text-align: right;\">\n",
       "      <th></th>\n",
       "      <th>AGE</th>\n",
       "      <th>BMI</th>\n",
       "      <th>BP</th>\n",
       "      <th>S1</th>\n",
       "      <th>S2</th>\n",
       "      <th>S3</th>\n",
       "      <th>S4</th>\n",
       "      <th>S5</th>\n",
       "      <th>S6</th>\n",
       "      <th>Y</th>\n",
       "    </tr>\n",
       "  </thead>\n",
       "  <tbody>\n",
       "    <tr>\n",
       "      <th>0</th>\n",
       "      <td>0.800500</td>\n",
       "      <td>1.297088</td>\n",
       "      <td>0.459841</td>\n",
       "      <td>-0.929746</td>\n",
       "      <td>-0.732065</td>\n",
       "      <td>-0.912451</td>\n",
       "      <td>-0.054499</td>\n",
       "      <td>0.418531</td>\n",
       "      <td>-0.370989</td>\n",
       "      <td>-0.014719</td>\n",
       "    </tr>\n",
       "    <tr>\n",
       "      <th>1</th>\n",
       "      <td>-0.039567</td>\n",
       "      <td>-1.082180</td>\n",
       "      <td>-0.553505</td>\n",
       "      <td>-0.177624</td>\n",
       "      <td>-0.402886</td>\n",
       "      <td>1.564414</td>\n",
       "      <td>-0.830301</td>\n",
       "      <td>-1.436589</td>\n",
       "      <td>-1.938479</td>\n",
       "      <td>-1.001659</td>\n",
       "    </tr>\n",
       "    <tr>\n",
       "      <th>2</th>\n",
       "      <td>1.793307</td>\n",
       "      <td>0.934533</td>\n",
       "      <td>-0.119214</td>\n",
       "      <td>-0.958674</td>\n",
       "      <td>-0.718897</td>\n",
       "      <td>-0.680245</td>\n",
       "      <td>-0.054499</td>\n",
       "      <td>0.060156</td>\n",
       "      <td>-0.545154</td>\n",
       "      <td>-0.144580</td>\n",
       "    </tr>\n",
       "    <tr>\n",
       "      <th>3</th>\n",
       "      <td>-1.872441</td>\n",
       "      <td>-0.243771</td>\n",
       "      <td>-0.770650</td>\n",
       "      <td>0.256292</td>\n",
       "      <td>0.525397</td>\n",
       "      <td>-0.757647</td>\n",
       "      <td>0.721302</td>\n",
       "      <td>0.476983</td>\n",
       "      <td>-0.196823</td>\n",
       "      <td>0.699513</td>\n",
       "    </tr>\n",
       "    <tr>\n",
       "      <th>4</th>\n",
       "      <td>0.113172</td>\n",
       "      <td>-0.764944</td>\n",
       "      <td>0.459841</td>\n",
       "      <td>0.082726</td>\n",
       "      <td>0.327890</td>\n",
       "      <td>0.171178</td>\n",
       "      <td>-0.054499</td>\n",
       "      <td>-0.672502</td>\n",
       "      <td>-0.980568</td>\n",
       "      <td>-0.222496</td>\n",
       "    </tr>\n",
       "    <tr>\n",
       "      <th>...</th>\n",
       "      <td>...</td>\n",
       "      <td>...</td>\n",
       "      <td>...</td>\n",
       "      <td>...</td>\n",
       "      <td>...</td>\n",
       "      <td>...</td>\n",
       "      <td>...</td>\n",
       "      <td>...</td>\n",
       "      <td>...</td>\n",
       "      <td>...</td>\n",
       "    </tr>\n",
       "    <tr>\n",
       "      <th>437</th>\n",
       "      <td>0.876870</td>\n",
       "      <td>0.413360</td>\n",
       "      <td>1.256040</td>\n",
       "      <td>-0.119769</td>\n",
       "      <td>-0.053957</td>\n",
       "      <td>-0.602843</td>\n",
       "      <td>-0.054499</td>\n",
       "      <td>0.655787</td>\n",
       "      <td>0.151508</td>\n",
       "      <td>0.335904</td>\n",
       "    </tr>\n",
       "    <tr>\n",
       "      <th>438</th>\n",
       "      <td>-0.115937</td>\n",
       "      <td>-0.334410</td>\n",
       "      <td>-1.422086</td>\n",
       "      <td>1.037341</td>\n",
       "      <td>1.664355</td>\n",
       "      <td>-0.602843</td>\n",
       "      <td>0.721302</td>\n",
       "      <td>-0.380819</td>\n",
       "      <td>0.935254</td>\n",
       "      <td>-0.625064</td>\n",
       "    </tr>\n",
       "    <tr>\n",
       "      <th>439</th>\n",
       "      <td>0.876870</td>\n",
       "      <td>-0.334410</td>\n",
       "      <td>0.363573</td>\n",
       "      <td>-0.785107</td>\n",
       "      <td>-0.290965</td>\n",
       "      <td>-0.525441</td>\n",
       "      <td>-0.232934</td>\n",
       "      <td>-0.985649</td>\n",
       "      <td>0.325674</td>\n",
       "      <td>-0.261454</td>\n",
       "    </tr>\n",
       "    <tr>\n",
       "      <th>440</th>\n",
       "      <td>-0.956004</td>\n",
       "      <td>0.821235</td>\n",
       "      <td>0.025550</td>\n",
       "      <td>0.343075</td>\n",
       "      <td>0.321306</td>\n",
       "      <td>-0.602843</td>\n",
       "      <td>0.558384</td>\n",
       "      <td>0.936163</td>\n",
       "      <td>-0.545154</td>\n",
       "      <td>0.881318</td>\n",
       "    </tr>\n",
       "    <tr>\n",
       "      <th>441</th>\n",
       "      <td>-0.956004</td>\n",
       "      <td>-1.535374</td>\n",
       "      <td>-1.711613</td>\n",
       "      <td>1.760535</td>\n",
       "      <td>0.584649</td>\n",
       "      <td>3.654268</td>\n",
       "      <td>-0.830301</td>\n",
       "      <td>-0.088752</td>\n",
       "      <td>0.064426</td>\n",
       "      <td>-1.235408</td>\n",
       "    </tr>\n",
       "  </tbody>\n",
       "</table>\n",
       "<p>442 rows × 10 columns</p>\n",
       "</div>"
      ],
      "text/plain": [
       "          AGE       BMI        BP        S1        S2        S3        S4  \\\n",
       "0    0.800500  1.297088  0.459841 -0.929746 -0.732065 -0.912451 -0.054499   \n",
       "1   -0.039567 -1.082180 -0.553505 -0.177624 -0.402886  1.564414 -0.830301   \n",
       "2    1.793307  0.934533 -0.119214 -0.958674 -0.718897 -0.680245 -0.054499   \n",
       "3   -1.872441 -0.243771 -0.770650  0.256292  0.525397 -0.757647  0.721302   \n",
       "4    0.113172 -0.764944  0.459841  0.082726  0.327890  0.171178 -0.054499   \n",
       "..        ...       ...       ...       ...       ...       ...       ...   \n",
       "437  0.876870  0.413360  1.256040 -0.119769 -0.053957 -0.602843 -0.054499   \n",
       "438 -0.115937 -0.334410 -1.422086  1.037341  1.664355 -0.602843  0.721302   \n",
       "439  0.876870 -0.334410  0.363573 -0.785107 -0.290965 -0.525441 -0.232934   \n",
       "440 -0.956004  0.821235  0.025550  0.343075  0.321306 -0.602843  0.558384   \n",
       "441 -0.956004 -1.535374 -1.711613  1.760535  0.584649  3.654268 -0.830301   \n",
       "\n",
       "           S5        S6         Y  \n",
       "0    0.418531 -0.370989 -0.014719  \n",
       "1   -1.436589 -1.938479 -1.001659  \n",
       "2    0.060156 -0.545154 -0.144580  \n",
       "3    0.476983 -0.196823  0.699513  \n",
       "4   -0.672502 -0.980568 -0.222496  \n",
       "..        ...       ...       ...  \n",
       "437  0.655787  0.151508  0.335904  \n",
       "438 -0.380819  0.935254 -0.625064  \n",
       "439 -0.985649  0.325674 -0.261454  \n",
       "440  0.936163 -0.545154  0.881318  \n",
       "441 -0.088752  0.064426 -1.235408  \n",
       "\n",
       "[442 rows x 10 columns]"
      ]
     },
     "metadata": {},
     "output_type": "display_data"
    },
    {
     "name": "stdout",
     "output_type": "stream",
     "text": [
      "Result for Age and Blood Pressure 0.20784630133697968\n",
      "Result for regressing on all columns 0.49025308678231383\n"
     ]
    }
   ],
   "source": [
    "from sklearn import linear_model\n",
    "from sklearn.metrics import mean_squared_error, r2_score\n",
    "\n",
    "# It does not make sense to use linear regression on the sex column, so we drop it\n",
    "diabetes = df.drop(columns = ['SEX'])\n",
    "\n",
    "\"\"\"\n",
    "1. Normalize all columns which it makes sense to normalize\n",
    "\n",
    "Why normalizing data:\n",
    "\n",
    "Standardization of a dataset is a common requirement for many machine learning estimators: they \n",
    "might behave badly if the individual features do not more or less look like standard normally \n",
    "distributed data (e.g. Gaussian with 0 mean and unit variance).\n",
    "\n",
    "For instance many elements used in the objective function of a learning algorithm (such as the RBF \n",
    "kernel of Support Vector Machines or the L1 and L2 regularizers of linear models) assume that all \n",
    "features are centered around 0 and have variance in the same order. If a feature has a variance \n",
    "that is orders of magnitude larger that others, it might dominate the objective function and make \n",
    "the estimator unable to learn from other features correctly as expected.\n",
    "\n",
    "\"\"\"\n",
    "from sklearn.preprocessing import StandardScaler\n",
    "\n",
    "scaler = StandardScaler()\n",
    "saved_cols = diabetes.columns\n",
    "# Fits transformer to X and y (none for non-supervised transform) and returns a transformed version of X.\n",
    "diabetes_arr = scaler.fit_transform(diabetes)\n",
    "display(pd.DataFrame(diabetes_arr, columns=saved_cols))\n",
    "\n",
    "\n",
    "\"\"\"\n",
    "2. Separate the entries into train and test segments randomly. Have the train segment contain 80%, about 354 \n",
    "entries. Let the test segment contain the remaining entries.\n",
    "\"\"\"\n",
    "\n",
    "from sklearn.model_selection import train_test_split\n",
    "\n",
