{
 "cells": [
  {
   "cell_type": "markdown",
   "metadata": {},
   "source": [
    "# Section 05 \n",
    "### Introduction to Data Science EN.553.436/EN.553.636 - Fall 2021"
   ]
  },
  {
   "cell_type": "markdown",
   "metadata": {},
   "source": [
    "# 1. Principal Component Analysis"
   ]
  },
  {
   "cell_type": "markdown",
   "metadata": {},
   "source": [
    "## Problem 1 \n",
    "Load the breast cancer dataset from the sklearn.datasets and read the description of the dataset."
   ]
  },
  {
   "cell_type": "code",
   "execution_count": 2,
   "metadata": {},
   "outputs": [
    {
     "name": "stdout",
     "output_type": "stream",
     "text": [
      "<class 'sklearn.utils.Bunch'>\n",
      ".. _breast_cancer_dataset:\n",
      "\n",
      "Breast cancer wisconsin (diagnostic) dataset\n",
      "--------------------------------------------\n",
      "\n",
      "**Data Set Characteristics:**\n",
      "\n",
      "    :Number of Instances: 569\n",
      "\n",
      "    :Number of Attributes: 30 numeric, predictive attributes and the class\n",
      "\n",
      "    :Attribute Information:\n",
      "        - radius (mean of distances from center to points on the perimeter)\n",
      "        - texture (standard deviation of gray-scale values)\n",
      "        - perimeter\n",
      "        - area\n",
      "        - smoothness (local variation in radius lengths)\n",
      "        - compactness (perimeter^2 / area - 1.0)\n",
      "        - concavity (severity of concave portions of the contour)\n",
      "        - concave points (number of concave portions of the contour)\n",
      "        - symmetry\n",
      "        - fractal dimension (\"coastline approximation\" - 1)\n",
      "\n",
      "        The mean, standard error, and \"worst\" or largest (mean of the three\n",
      "        worst/largest values) of these features were computed for each image,\n",
      "        resulting in 30 features.  For instance, field 0 is Mean Radius, field\n",
      "        10 is Radius SE, field 20 is Worst Radius.\n",
      "\n",
      "        - class:\n",
      "                - WDBC-Malignant\n",
      "                - WDBC-Benign\n",
      "\n",
      "    :Summary Statistics:\n",
      "\n",
      "    ===================================== ====== ======\n",
      "                                           Min    Max\n",
      "    ===================================== ====== ======\n",
      "    radius (mean):                        6.981  28.11\n",
      "    texture (mean):                       9.71   39.28\n",
      "    perimeter (mean):                     43.79  188.5\n",
      "    area (mean):                          143.5  2501.0\n",
      "    smoothness (mean):                    0.053  0.163\n",
      "    compactness (mean):                   0.019  0.345\n",
      "    concavity (mean):                     0.0    0.427\n",
      "    concave points (mean):                0.0    0.201\n",
      "    symmetry (mean):                      0.106  0.304\n",
      "    fractal dimension (mean):             0.05   0.097\n",
      "    radius (standard error):              0.112  2.873\n",
      "    texture (standard error):             0.36   4.885\n",
      "    perimeter (standard error):           0.757  21.98\n",
      "    area (standard error):                6.802  542.2\n",
      "    smoothness (standard error):          0.002  0.031\n",
      "    compactness (standard error):         0.002  0.135\n",
      "    concavity (standard error):           0.0    0.396\n",
      "    concave points (standard error):      0.0    0.053\n",
      "    symmetry (standard error):            0.008  0.079\n",
      "    fractal dimension (standard error):   0.001  0.03\n",
      "    radius (worst):                       7.93   36.04\n",
      "    texture (worst):                      12.02  49.54\n",
      "    perimeter (worst):                    50.41  251.2\n",
      "    area (worst):                         185.2  4254.0\n",
      "    smoothness (worst):                   0.071  0.223\n",
      "    compactness (worst):                  0.027  1.058\n",
      "    concavity (worst):                    0.0    1.252\n",
      "    concave points (worst):               0.0    0.291\n",
      "    symmetry (worst):                     0.156  0.664\n",
      "    fractal dimension (worst):            0.055  0.208\n",
      "    ===================================== ====== ======\n",
      "\n",
      "    :Missing Attribute Values: None\n",
      "\n",
      "    :Class Distribution: 212 - Malignant, 357 - Benign\n",
      "\n",
      "    :Creator:  Dr. William H. Wolberg, W. Nick Street, Olvi L. Mangasarian\n",
      "\n",
      "    :Donor: Nick Street\n",
      "\n",
      "    :Date: November, 1995\n",
      "\n",
      "This is a copy of UCI ML Breast Cancer Wisconsin (Diagnostic) datasets.\n",
      "https://goo.gl/U2Uwz2\n",
      "\n",
      "Features are computed from a digitized image of a fine needle\n",
      "aspirate (FNA) of a breast mass.  They describe\n",
      "characteristics of the cell nuclei present in the image.\n",
      "\n",
      "Separating plane described above was obtained using\n",
      "Multisurface Method-Tree (MSM-T) [K. P. Bennett, \"Decision Tree\n",
      "Construction Via Linear Programming.\" Proceedings of the 4th\n",
      "Midwest Artificial Intelligence and Cognitive Science Society,\n",
      "pp. 97-101, 1992], a classification method which uses linear\n",
      "programming to construct a decision tree.  Relevant features\n",
      "were selected using an exhaustive search in the space of 1-4\n",
      "features and 1-3 separating planes.\n",
      "\n",
      "The actual linear program used to obtain the separating plane\n",
      "in the 3-dimensional space is that described in:\n",
      "[K. P. Bennett and O. L. Mangasarian: \"Robust Linear\n",
      "Programming Discrimination of Two Linearly Inseparable Sets\",\n",
      "Optimization Methods and Software 1, 1992, 23-34].\n",
      "\n",
      "This database is also available through the UW CS ftp server:\n",
      "\n",
      "ftp ftp.cs.wisc.edu\n",
      "cd math-prog/cpo-dataset/machine-learn/WDBC/\n",
      "\n",
      ".. topic:: References\n",
      "\n",
      "   - W.N. Street, W.H. Wolberg and O.L. Mangasarian. Nuclear feature extraction \n",
      "     for breast tumor diagnosis. IS&T/SPIE 1993 International Symposium on \n",
      "     Electronic Imaging: Science and Technology, volume 1905, pages 861-870,\n",
      "     San Jose, CA, 1993.\n",
      "   - O.L. Mangasarian, W.N. Street and W.H. Wolberg. Breast cancer diagnosis and \n",
      "     prognosis via linear programming. Operations Research, 43(4), pages 570-577, \n",
      "     July-August 1995.\n",
      "   - W.H. Wolberg, W.N. Street, and O.L. Mangasarian. Machine learning techniques\n",
      "     to diagnose breast cancer from fine-needle aspirates. Cancer Letters 77 (1994) \n",
      "     163-171.\n"
     ]
    }
   ],
   "source": [
    "# load the breast cancer dataset\n",
    "from sklearn.datasets import load_breast_cancer\n",
    "cancer = load_breast_cancer()\n",
    "\n",
    "# discription of the dataset\n",
    "print(type(cancer))\n",
    "print(cancer['DESCR'])"
   ]
  },
  {
   "cell_type": "code",
   "execution_count": 8,
   "metadata": {},
   "outputs": [
    {
     "data": {
      "text/plain": [
       "array(['mean radius', 'mean texture', 'mean perimeter', 'mean area',\n",
       "       'mean smoothness', 'mean compactness', 'mean concavity',\n",
       "       'mean concave points', 'mean symmetry', 'mean fractal dimension',\n",
       "       'radius error', 'texture error', 'perimeter error', 'area error',\n",
       "       'smoothness error', 'compactness error', 'concavity error',\n",
       "       'concave points error', 'symmetry error',\n",
       "       'fractal dimension error', 'worst radius', 'worst texture',\n",
       "       'worst perimeter', 'worst area', 'worst smoothness',\n",
       "       'worst compactness', 'worst concavity', 'worst concave points',\n",
       "       'worst symmetry', 'worst fractal dimension'], dtype='<U23')"
      ]
     },
     "execution_count": 8,
     "metadata": {},
     "output_type": "execute_result"
    }
   ],
   "source": [
    "cancer.feature_names"
   ]
  },
  {
   "cell_type": "markdown",
   "metadata": {},
   "source": [
    "## 1.1 \n",
    "Convert the dataset to a dataframe and use feature names as the column names. Plot the covariance matrix. What does it look like?"
   ]
  },
  {
   "cell_type": "code",
   "execution_count": 10,
   "metadata": {
    "scrolled": false
   },
   "outputs": [
    {
     "data": {
      "text/html": [
       "<div>\n",
       "<style scoped>\n",
       "    .dataframe tbody tr th:only-of-type {\n",
       "        vertical-align: middle;\n",
       "    }\n",
       "\n",
       "    .dataframe tbody tr th {\n",
       "        vertical-align: top;\n",
       "    }\n",
       "\n",
       "    .dataframe thead th {\n",
       "        text-align: right;\n",
       "    }\n",
       "</style>\n",
       "<table border=\"1\" class=\"dataframe\">\n",
       "  <thead>\n",
       "    <tr style=\"text-align: right;\">\n",
       "      <th></th>\n",
       "      <th>mean radius</th>\n",
       "      <th>mean texture</th>\n",
       "      <th>mean perimeter</th>\n",
       "      <th>mean area</th>\n",
       "      <th>mean smoothness</th>\n",
       "      <th>mean compactness</th>\n",
       "      <th>mean concavity</th>\n",
       "      <th>mean concave points</th>\n",
       "      <th>mean symmetry</th>\n",
       "      <th>mean fractal dimension</th>\n",
       "      <th>...</th>\n",
       "      <th>worst radius</th>\n",
       "      <th>worst texture</th>\n",
       "      <th>worst perimeter</th>\n",
       "      <th>worst area</th>\n",
       "      <th>worst smoothness</th>\n",
       "      <th>worst compactness</th>\n",
       "      <th>worst concavity</th>\n",
       "      <th>worst concave points</th>\n",
       "      <th>worst symmetry</th>\n",
       "      <th>worst fractal dimension</th>\n",
       "    </tr>\n",
       "  </thead>\n",
       "  <tbody>\n",
       "    <tr>\n",
       "      <th>0</th>\n",
       "      <td>17.99</td>\n",
       "      <td>10.38</td>\n",
       "      <td>122.80</td>\n",
       "      <td>1001.0</td>\n",
       "      <td>0.11840</td>\n",
       "      <td>0.27760</td>\n",
       "      <td>0.3001</td>\n",
       "      <td>0.14710</td>\n",
       "      <td>0.2419</td>\n",
       "      <td>0.07871</td>\n",
       "      <td>...</td>\n",
       "      <td>25.38</td>\n",
       "      <td>17.33</td>\n",
       "      <td>184.60</td>\n",
       "      <td>2019.0</td>\n",
       "      <td>0.1622</td>\n",
       "      <td>0.6656</td>\n",
       "      <td>0.7119</td>\n",
       "      <td>0.2654</td>\n",
       "      <td>0.4601</td>\n",
       "      <td>0.11890</td>\n",
       "    </tr>\n",
       "    <tr>\n",
       "      <th>1</th>\n",
       "      <td>20.57</td>\n",
       "      <td>17.77</td>\n",
       "      <td>132.90</td>\n",
       "      <td>1326.0</td>\n",
       "      <td>0.08474</td>\n",
       "      <td>0.07864</td>\n",
       "      <td>0.0869</td>\n",
       "      <td>0.07017</td>\n",
       "      <td>0.1812</td>\n",
       "      <td>0.05667</td>\n",
       "      <td>...</td>\n",
       "      <td>24.99</td>\n",
       "      <td>23.41</td>\n",
       "      <td>158.80</td>\n",
       "      <td>1956.0</td>\n",
       "      <td>0.1238</td>\n",
       "      <td>0.1866</td>\n",
       "      <td>0.2416</td>\n",
       "      <td>0.1860</td>\n",
       "      <td>0.2750</td>\n",
       "      <td>0.08902</td>\n",
       "    </tr>\n",
       "    <tr>\n",
       "      <th>2</th>\n",
       "      <td>19.69</td>\n",
       "      <td>21.25</td>\n",
       "      <td>130.00</td>\n",
       "      <td>1203.0</td>\n",
       "      <td>0.10960</td>\n",
       "      <td>0.15990</td>\n",
       "      <td>0.1974</td>\n",
       "      <td>0.12790</td>\n",
       "      <td>0.2069</td>\n",
       "      <td>0.05999</td>\n",
       "      <td>...</td>\n",
       "      <td>23.57</td>\n",
       "      <td>25.53</td>\n",
       "      <td>152.50</td>\n",
       "      <td>1709.0</td>\n",
       "      <td>0.1444</td>\n",
       "      <td>0.4245</td>\n",
       "      <td>0.4504</td>\n",
       "      <td>0.2430</td>\n",
       "      <td>0.3613</td>\n",
       "      <td>0.08758</td>\n",
       "    </tr>\n",
       "    <tr>\n",
       "      <th>3</th>\n",
       "      <td>11.42</td>\n",
       "      <td>20.38</td>\n",
       "      <td>77.58</td>\n",
       "      <td>386.1</td>\n",
       "      <td>0.14250</td>\n",
       "      <td>0.28390</td>\n",
       "      <td>0.2414</td>\n",
       "      <td>0.10520</td>\n",
       "      <td>0.2597</td>\n",
       "      <td>0.09744</td>\n",
       "      <td>...</td>\n",
       "      <td>14.91</td>\n",
       "      <td>26.50</td>\n",
       "      <td>98.87</td>\n",
       "      <td>567.7</td>\n",
       "      <td>0.2098</td>\n",
       "      <td>0.8663</td>\n",
       "      <td>0.6869</td>\n",
       "      <td>0.2575</td>\n",
       "      <td>0.6638</td>\n",
       "      <td>0.17300</td>\n",
       "    </tr>\n",
       "    <tr>\n",
       "      <th>4</th>\n",
       "      <td>20.29</td>\n",
       "      <td>14.34</td>\n",
       "      <td>135.10</td>\n",
       "      <td>1297.0</td>\n",
       "      <td>0.10030</td>\n",
       "      <td>0.13280</td>\n",
       "      <td>0.1980</td>\n",
       "      <td>0.10430</td>\n",
       "      <td>0.1809</td>\n",
       "      <td>0.05883</td>\n",
       "      <td>...</td>\n",
       "      <td>22.54</td>\n",
       "      <td>16.67</td>\n",
       "      <td>152.20</td>\n",
       "      <td>1575.0</td>\n",
       "      <td>0.1374</td>\n",
       "      <td>0.2050</td>\n",
       "      <td>0.4000</td>\n",
       "      <td>0.1625</td>\n",
       "      <td>0.2364</td>\n",
       "      <td>0.07678</td>\n",
       "    </tr>\n",
       "  </tbody>\n",
       "</table>\n",
       "<p>5 rows × 30 columns</p>\n",
       "</div>"
      ],
      "text/plain": [
       "   mean radius  mean texture  mean perimeter  mean area  mean smoothness  \\\n",
       "0        17.99         10.38          122.80     1001.0          0.11840   \n",
       "1        20.57         17.77          132.90     1326.0          0.08474   \n",
       "2        19.69         21.25          130.00     1203.0          0.10960   \n",
       "3        11.42         20.38           77.58      386.1          0.14250   \n",
       "4        20.29         14.34          135.10     1297.0          0.10030   \n",
       "\n",
       "   mean compactness  mean concavity  mean concave points  mean symmetry  \\\n",
       "0           0.27760          0.3001              0.14710         0.2419   \n",
       "1           0.07864          0.0869              0.07017         0.1812   \n",
       "2           0.15990          0.1974              0.12790         0.2069   \n",
       "3           0.28390          0.2414              0.10520         0.2597   \n",
       "4           0.13280          0.1980              0.10430         0.1809   \n",
       "\n",
       "   mean fractal dimension  ...  worst radius  worst texture  worst perimeter  \\\n",
       "0                 0.07871  ...         25.38          17.33           184.60   \n",
       "1                 0.05667  ...         24.99          23.41           158.80   \n",
       "2                 0.05999  ...         23.57          25.53           152.50   \n",
       "3                 0.09744  ...         14.91          26.50            98.87   \n",
       "4                 0.05883  ...         22.54          16.67           152.20   \n",
       "\n",
       "   worst area  worst smoothness  worst compactness  worst concavity  \\\n",
       "0      2019.0            0.1622             0.6656           0.7119   \n",
       "1      1956.0            0.1238             0.1866           0.2416   \n",
       "2      1709.0            0.1444             0.4245           0.4504   \n",
       "3       567.7            0.2098             0.8663           0.6869   \n",
       "4      1575.0            0.1374             0.2050           0.4000   \n",
       "\n",
       "   worst concave points  worst symmetry  worst fractal dimension  \n",
       "0                0.2654          0.4601                  0.11890  \n",
       "1                0.1860          0.2750                  0.08902  \n",
       "2                0.2430          0.3613                  0.08758  \n",
       "3                0.2575          0.6638                  0.17300  \n",
       "4                0.1625          0.2364                  0.07678  \n",
       "\n",
       "[5 rows x 30 columns]"
      ]
     },
     "execution_count": 10,
     "metadata": {},
     "output_type": "execute_result"
    }
   ],
   "source": [
    "import pandas as pd\n",
    "\n",
    "cancer_df = pd.DataFrame(cancer['data'],columns=cancer['feature_names'])\n",
    "cancer_df.head()"
   ]
  },
  {
   "cell_type": "code",
   "execution_count": 27,
   "metadata": {},
   "outputs": [
    {
     "name": "stdout",
     "output_type": "stream",
     "text": [
      "[[ 2.43239539e+02  9.61209079e+01  1.67358540e+03  2.39829854e+04\n",
      "   1.65590799e-01  1.84496304e+00  3.72387816e+00  2.20296090e+00\n",
      "   2.79557318e-01 -1.51865696e-01  1.29983926e+01 -3.70548707e+00\n",
      "   9.40833189e+01  2.31054882e+03 -4.61321047e-02  2.54630761e-01\n",
      "   4.04628079e-01  1.60206614e-01 -5.95221244e-02 -7.78796273e-03\n",
      "   3.23441713e+02  1.26000028e+02  2.23847958e+03  3.69832091e+04\n",
      "   1.88509899e-01  4.49012235e+00  7.58743097e+00  3.37651985e+00\n",
      "   7.00123812e-01  8.80860394e-03]\n",
      " [ 9.61209079e+01  3.62323453e+02  6.74544249e+02  9.51877486e+03\n",
      "  -2.77101498e-02  1.05308778e+00  2.03093970e+00  9.59272221e-01\n",
      "   1.64893840e-01 -4.54626854e-02  6.44459446e+00  1.79545793e+01\n",
      "   4.79754104e+01  9.95779705e+02  1.67285606e-03  2.89613381e-01\n",
      "   3.64380422e-01  8.51682634e-02  6.35586034e-03  1.21389951e-02\n",
      "   1.43552540e+02  4.72226357e+02  1.01350655e+03  1.64775592e+04\n",
      "   1.49071987e-01  3.68240328e+00  5.29043195e+00  1.63526914e+00\n",
      "   5.47277694e-01  1.81370799e-01]\n",
      " [ 1.67358540e+03  6.74544249e+02  1.15644894e+04  1.65224782e+05\n",
      "   1.38740983e+00  1.39985387e+01  2.71706446e+01  1.57151963e+01\n",
      "   2.38798135e+00 -8.78615294e-01  9.12991647e+01 -2.27785302e+01\n",
      "   6.66969648e+02  1.61290995e+04 -2.89644283e-01  2.13707533e+00\n",
      "   3.27669868e+00  1.19583001e+00 -3.21143796e-01 -6.95577748e-03\n",
      "   2.23004757e+03  8.86434771e+02  1.55187042e+04  2.55132837e+05\n",
      "   1.63594826e+00  3.41285328e+01  5.59872809e+01  2.41272315e+01\n",
      "   5.56835364e+00  4.38545400e-01]\n",
      " [ 2.39829854e+04  9.51877486e+03  1.65224782e+05  2.42562548e+06\n",
      "   1.71610061e+01  1.81464851e+02  3.76935060e+02  2.20187318e+02\n",
      "   2.85879470e+01 -1.37774543e+01  1.40023644e+03 -2.52019008e+02\n",
      "   1.01262647e+04  2.50870275e+05 -3.45150051e+00  2.62401365e+01\n",
      "   4.32062380e+01  1.58346684e+01 -4.13066078e+00 -3.62707888e-01\n",
      "   3.20728318e+04  1.21791918e+04  2.22142642e+05  3.76432320e+06\n",
      "   1.94395757e+01  4.23387248e+02  7.37115446e+02  3.27124703e+02\n",
      "   6.12227482e+01  4.65294347e-01]\n",
      " [ 1.65590799e-01 -2.77101498e-02  1.38740983e+00  1.71610061e+01\n",
      "   3.87414585e-03  9.58889599e-03  1.14626861e-02  5.91830656e-03\n",
      "   4.21210218e-03  1.13734335e-03  2.30288836e-02  1.03949535e-02\n",
      "   1.64907208e-01  3.08956957e+00  2.74901869e-04  1.57335986e-03\n",
      "   2.06544496e-03  6.47028683e-04  4.57179089e-04  2.06719347e-04\n",
      "   2.83743651e-01  6.10719395e-02  2.21088070e+00  3.24210346e+01\n",
      "   5.06507667e-03  2.04769568e-02  2.49944216e-02  9.10869797e-03\n",
      "   6.71989848e-03  2.48420354e-03]\n",
      " [ 1.84496304e+00  1.05308778e+00  1.39985387e+01  1.81464851e+02\n",
      "   9.58889599e-03  5.46296015e-02  7.28241598e-02  3.33598698e-02\n",
      "   1.70893192e-02  4.12902903e-03  1.42701619e-01  2.63656769e-02\n",
      "   1.14798574e+00  2.14411865e+01  4.20213734e-04  1.36842667e-02\n",
      "   1.78141093e-02  4.09927023e-03  1.96647187e-03  1.38858047e-03\n",
      "   2.67631621e+00  1.57755380e+00  2.05148431e+01  3.00127995e+02\n",
      "   1.33568956e-02  1.40909656e-01  1.76153252e-01  5.54537915e-02\n",
      "   3.26521605e-02  1.28420917e-02]\n",
      " [ 3.72387816e+00  2.03093970e+00  2.71706446e+01  3.76935060e+02\n",
      "   1.14626861e-02  7.28241598e-02  1.24475200e-01  5.58244087e-02\n",
      "   2.14309827e-02  3.71273736e-03  2.73622503e-01  6.56505660e-02\n",
      "   2.08481490e+00  4.38558571e+01  4.62082368e-04  1.87423274e-02\n",
      "   3.25814840e-02  6.58275612e-03  2.29759763e-03  1.85633014e-03\n",
      "   5.19388981e+00  2.87788369e+00  3.82783019e+01  6.00951934e+02\n",
      "   1.60008437e-02  1.85470393e-01  2.87994454e-01  8.84019303e-02\n",
      "   3.95543984e-02  1.45215478e-02]\n",
      " [ 2.20296090e+00  9.59272221e-01  1.57151963e+01  2.20187318e+02\n",
      "   5.91830656e-03  3.33598698e-02  5.58244087e-02  2.94901833e-02\n",
      "   9.63607242e-03  8.95658580e-04  1.47119467e-01  9.00538089e-03\n",
      "   1.09199210e+00  2.38658220e+01  6.31025070e-05  6.67478492e-03\n",
      "   1.00751172e-02  2.88696707e-03  5.99036254e-04  5.18004876e-04\n",
      "   3.04997773e+00  1.36748985e+00  2.18585225e+01  3.50336149e+02\n",
      "   7.85646929e-03  7.98113192e-02  1.19296377e-01  4.54682789e-02\n",
      "   1.76672302e-02  5.06045399e-03]\n",
      " [ 2.79557318e-01  1.64893840e-01  2.38798135e+00  2.85879470e+01\n",
      "   4.21210218e-03  1.70893192e-02  2.14309827e-02  9.63607242e-03\n",
      "   1.47198732e-02  1.81938359e-03  4.51734132e-02  3.79296703e-02\n",
      "   3.40767693e-01  5.47070145e+00  3.01994939e-04  4.05452669e-03\n",
      "   5.55335263e-03  1.30302886e-03  1.99351962e-03  4.71397135e-04\n",
      "   4.81994977e-01  2.99163819e-01  3.95437263e+00  5.41700639e+01\n",
      "   5.23090160e-03  3.99761905e-02  4.85850343e-02  1.51870782e-02\n",
      "   2.32476731e-02  4.25166797e-03]\n",
      " [-1.51865696e-01 -4.54626854e-02 -8.78615294e-01 -1.37774543e+01\n",
      "   1.13734335e-03  4.12902903e-03  3.71273736e-03  8.95658580e-04\n",
      "   1.81938359e-03  9.76347398e-04  4.25648264e-06  1.25240272e-02\n",
      "   1.11361950e-02 -5.67239093e-01  1.66897790e-04  1.38640510e-03\n",
      "   1.86436952e-03  2.91131451e-04  3.94385267e-04  2.51796872e-04\n",
      "  -1.69559359e-01 -4.35757302e-02 -9.53286795e-01 -1.82548157e+01\n",
      "   1.59430365e-03  9.98225073e-03  9.98876431e-03  1.59368108e-03\n",
      "   2.85765934e-03  1.91641231e-03]\n",
      " [ 1.29983926e+01  6.44459446e+00  9.12991647e+01  1.40023644e+03\n",
      "   2.30288836e-02  1.42701619e-01  2.73622503e-01  1.47119467e-01\n",
      "   4.51734132e-02  4.25648264e-06  1.50622537e+00  6.38948894e-01\n",
      "   1.06829402e+01  2.35182566e+02  2.68292914e-03  3.46338165e-02\n",
      "   5.44919208e-02  1.72042578e-02  1.08011942e-02  3.27330714e-03\n",
      "   1.87717297e+01  6.50304327e+00  1.31351191e+02  2.32413744e+03\n",
      "   1.75999505e-02  2.45350860e-01  4.31257093e-01  1.89602799e-01\n",
      "   3.17695518e-02  4.86177319e-03]\n",
      " [-3.70548707e+00  1.79545793e+01 -2.27785302e+01 -2.52019008e+02\n",
      "   1.03949535e-02  2.63656769e-02  6.56505660e-02  9.00538089e-03\n",
      "   3.79296703e-02  1.25240272e-02  6.38948894e-01  5.96039514e+00\n",
      "   4.87528307e+00  5.48371593e+01  1.28870763e-02  4.48321533e-02\n",
      "   6.35990051e-02  1.53525515e-02  3.67641730e-02  7.99727386e-03\n",
      "  -5.83266061e+00  2.71612467e+01 -3.71205015e+01 -5.11793211e+02\n",
      "  -1.81711633e-02 -1.57144451e-01 -1.55435780e-01 -8.49687460e-02\n",
      "  -8.57063599e-02 -8.90933234e-03]\n",
      " [ 9.40833189e+01  4.79754104e+01  6.66969648e+02  1.01262647e+04\n",
      "   1.64907208e-01  1.14798574e+00  2.08481490e+00  1.09199210e+00\n",
      "   3.40767693e-01  1.11361950e-02  1.06829402e+01  4.87528307e+00\n",
      "   8.00663736e+01  1.68915323e+03  1.79630225e-02  2.95244236e-01\n",
      "   4.33303931e-01  1.35920982e-01  8.72351167e-02  2.55826547e-02\n",
      "   1.33443216e+02  4.87691917e+01  9.59459193e+02  1.64752391e+04\n",
      "   1.17591897e-01  2.13036247e+00  3.46078192e+00  1.44441472e+00\n",
      "   2.69327395e-01  6.11043250e-02]\n",
      " [ 2.31054882e+03  9.95779705e+02  1.61290995e+04  2.50870275e+05\n",
      "   3.08956957e+00  2.14411865e+01  4.38558571e+01  2.38658220e+01\n",
      "   5.47070145e+00 -5.67239093e-01  2.35182566e+02  5.48371593e+01\n",
      "   1.68915323e+03  4.05323151e+04  2.01044606e-01  4.54494228e+00\n",
      "   7.28589419e+00  2.28555683e+00  9.87753673e-01  2.99587355e-01\n",
      "   3.26155198e+03  1.07607312e+03  2.27905077e+04  4.11623155e+05\n",
      "   2.55087353e+00  3.97086636e+01  7.15837421e+01  3.15189314e+01\n",
      "   4.08611408e+00  2.82251482e-01]\n",
      " [-4.61321047e-02  1.67285606e-03 -2.89644283e-01 -3.45150051e+00\n",
      "   2.74901869e-04  4.20213734e-04  4.62082368e-04  6.31025070e-05\n",
      "   3.01994939e-04  1.66897790e-04  2.68292914e-03  1.28870763e-02\n",
      "   1.79630225e-02  2.01044606e-01  1.76571888e-04  3.54589152e-04\n",
      "   4.76963800e-04  1.19174501e-04  2.01017014e-04  6.65036903e-05\n",
      "  -6.55699055e-02 -2.70157501e-02 -4.29413126e-01 -6.10039845e+00\n",
      "   4.22230858e-04 -5.14059147e-04 -7.15249130e-04 -3.94315781e-04\n",
      "  -3.90542558e-04  1.07786899e-04]\n",
      " [ 2.54630761e-01  2.89613381e-01  2.13707533e+00  2.62401365e+01\n",
      "   1.57335986e-03  1.36842667e-02  1.87423274e-02  6.67478492e-03\n",
      "   4.05452669e-03  1.38640510e-03  3.46338165e-02  4.48321533e-02\n",
      "   2.95244236e-01  4.54494228e+00  3.54589152e-04  6.28135309e-03\n",
      "   8.48371738e-03  1.61037937e-03  1.14445295e-03  7.45528359e-04\n",
      "   3.46865507e-01  3.08287854e-01  3.07049251e+00  3.98152214e+01\n",
      "   1.82109810e-03  3.74593719e-02  4.67699789e-02  1.11407719e-02\n",
      "   6.03002273e-03  3.74384154e-03]\n",
      " [ 4.04628079e-01  3.64380422e-01  3.27669868e+00  4.32062380e+01\n",
      "   2.06544496e-03  1.78141093e-02  3.25814840e-02  1.00751172e-02\n",
      "   5.55335263e-03  1.86436952e-03  5.44919208e-02  6.35990051e-02\n",
      "   4.33303931e-01  7.28589419e+00  4.76963800e-04  8.48371738e-03\n",
      "   1.78469172e-02  2.81558752e-03  1.51227968e-03  1.13792843e-03\n",
      "   5.34087910e-01  3.64261149e-01  4.50342494e+00  6.34034912e+01\n",
      "   2.27436758e-03  4.51025000e-02  8.17239874e-02  1.71180559e-02\n",
      "   7.23466890e-03  4.69132080e-03]\n",
      " [ 1.60206614e-01  8.51682634e-02  1.19583001e+00  1.58346684e+01\n",
      "   6.47028683e-04  4.09927023e-03  6.58275612e-03  2.88696707e-03\n",
      "   1.30302886e-03  2.91131451e-04  1.72042578e-02  1.53525515e-02\n",
      "   1.35920982e-01  2.28555683e+00  1.19174501e-04  1.61037937e-03\n",
      "   2.81558752e-03  7.45694278e-04  3.12471045e-04  1.95402288e-04\n",
      "   2.09185097e-01  6.44305457e-02  1.60407246e+00  2.35510645e+01\n",
      "   5.94228911e-04  8.61144841e-03  1.38567418e-02  4.78580941e-03\n",
      "   1.07005253e-03  6.78080908e-04]\n",
      " [-5.95221244e-02  6.35586034e-03 -3.21143796e-01 -4.13066078e+00\n",
      "   4.57179089e-04  1.96647187e-03  2.29759763e-03  5.99036254e-04\n",
      "   1.99351962e-03  3.94385267e-04  1.08011942e-02  3.67641730e-02\n",
      "   8.72351167e-02  9.87753673e-01  2.01017014e-04  1.14445295e-03\n",
      "   1.51227968e-03  3.12471045e-04  1.33838228e-03  1.58119344e-04\n",
      "  -1.00258984e-01 -7.70954499e-02 -5.64466589e-01 -1.01717035e+01\n",
      "  -4.68072166e-05  1.53492420e-03  1.25379619e-03 -3.23675093e-04\n",
      "   3.90055419e-03  2.28323373e-04]\n",
      " [-7.78796273e-03  1.21389951e-02 -6.95577748e-03 -3.62707888e-01\n",
      "   2.06719347e-04  1.38858047e-03  1.85633014e-03  5.18004876e-04\n",
      "   4.71397135e-04  2.51796872e-04  3.27330714e-03  7.99727386e-03\n",
      "   2.55826547e-02  2.99587355e-01  6.65036903e-05  7.45528359e-04\n",
      "   1.13792843e-03  1.95402288e-04  1.58119344e-04  1.37136580e-04\n",
      "  -9.39027201e-03 -1.01774124e-03 -1.74219440e-03 -6.70893152e-01\n",
      "   2.01837710e-04  3.18143265e-03  4.10838670e-03  7.33130508e-04\n",
      "   3.56208760e-04  5.53513909e-04]\n",
      " [ 3.23441713e+02  1.43552540e+02  2.23004757e+03  3.20728318e+04\n",
      "   2.83743651e-01  2.67631621e+00  5.19388981e+00  3.04997773e+00\n",
      "   4.81994977e-01 -1.69559359e-01  1.87717297e+01 -5.83266061e+00\n",
      "   1.33443216e+02  3.26155198e+03 -6.55699055e-02  3.46865507e-01\n",
      "   5.34087910e-01  2.09185097e-01 -1.00258984e-01 -9.39027201e-03\n",
      "   4.57538184e+02  2.09414376e+02  3.16096529e+03  5.30365208e+04\n",
      "   4.68110246e-01  7.08697698e+00  1.13356505e+01  4.89977918e+00\n",
      "   1.42627158e+00  1.59849548e-01]\n",
      " [ 1.26000028e+02  4.72226357e+02  8.86434771e+02  1.21791918e+04\n",
      "   6.10719395e-02  1.57755380e+00  2.87788369e+00  1.36748985e+00\n",
      "   2.99163819e-01 -4.35757302e-02  6.50304327e+00  2.71612467e+01\n",
      "   4.87691917e+01  1.07607312e+03 -2.70157501e-02  3.08287854e-01\n",
      "   3.64261149e-01  6.44305457e-02 -7.70954499e-02 -1.01774124e-03\n",
      "   2.09414376e+02  7.39898007e+02  1.47687242e+03  2.37041205e+04\n",
      "   6.19617685e-01  6.83433094e+00  9.25134816e+00  2.84673189e+00\n",
      "   1.73552367e+00  4.76426758e-01]\n",
      " [ 2.23847958e+03  1.01350655e+03  1.55187042e+04  2.22142642e+05\n",
      "   2.21088070e+00  2.05148431e+01  3.82783019e+01  2.18585225e+01\n",
      "   3.95437263e+00 -9.53286795e-01  1.31351191e+02 -3.71205015e+01\n",
      "   9.59459193e+02  2.27905077e+04 -4.29413126e-01  3.07049251e+00\n",
      "   4.50342494e+00  1.60407246e+00 -5.64466589e-01 -1.74219440e-03\n",
      "   3.16096529e+03  1.47687242e+03  2.21153904e+04  3.66318281e+05\n",
      "   3.55803091e+00  5.48203967e+01  8.49019242e+01  3.53153187e+01\n",
      "   1.09731655e+01  1.65177425e+00]\n",
      " [ 3.69832091e+04  1.64775592e+04  2.55132837e+05  3.76432320e+06\n",
      "   3.24210346e+01  3.00127995e+02  6.00951934e+02  3.50336149e+02\n",
      "   5.41700639e+01 -1.82548157e+01  2.32413744e+03 -5.11793211e+02\n",
      "   1.64752391e+04  4.11623155e+05 -6.10039845e+00  3.98152214e+01\n",
      "   6.34034912e+01  2.35510645e+01 -1.01717035e+01 -6.70893152e-01\n",
      "   5.30365208e+04  2.37041205e+04  3.66318281e+05  6.34920947e+06\n",
      "   5.32519235e+01  7.69010446e+02  1.26404913e+03  5.47870752e+02\n",
      "   1.44293204e+02  1.60417900e+01]\n",
      " [ 1.88509899e-01  1.49071987e-01  1.63594826e+00  1.94395757e+01\n",
      "   5.06507667e-03  1.33568956e-02  1.60008437e-02  7.85646929e-03\n",
      "   5.23090160e-03  1.59430365e-03  1.75999505e-02 -1.81711633e-02\n",
      "   1.17591897e-01  2.55087353e+00  4.22230858e-04  1.82109810e-03\n",
      "   2.27436758e-03  5.94228911e-04 -4.68072166e-05  2.01837710e-04\n",
      "   4.68110246e-01  6.19617685e-01  3.55803091e+00  5.32519235e+01\n",
      "   1.02106781e-02  3.99781634e-02  4.83766269e-02  1.60996743e-02\n",
      "   1.36631110e-02  4.98855748e-03]\n",
      " [ 4.49012235e+00  3.68240328e+00  3.41285328e+01  4.23387248e+02\n",
      "   2.04769568e-02  1.40909656e-01  1.85470393e-01  7.98113192e-02\n",
      "   3.99761905e-02  9.98225073e-03  2.45350860e-01 -1.57144451e-01\n",
      "   2.13036247e+00  3.97086636e+01 -5.14059147e-04  3.74593719e-02\n",
      "   4.51025000e-02  8.61144841e-03  1.53492420e-03  3.18143265e-03\n",
      "   7.08697698e+00  6.83433094e+00  5.48203967e+01  7.69010446e+02\n",
      "   3.99781634e-02  4.84852061e-01  5.73636141e-01  1.62268783e-01\n",
      "   1.17144517e-01  4.51083397e-02]\n",
      " [ 7.58743097e+00  5.29043195e+00  5.59872809e+01  7.37115446e+02\n",
      "   2.49944216e-02  1.76153252e-01  2.87994454e-01  1.19296377e-01\n",
      "   4.85850343e-02  9.98876431e-03  4.31257093e-01 -1.55435780e-01\n",
      "   3.46078192e+00  7.15837421e+01 -7.15249130e-04  4.67699789e-02\n",
      "   8.17239874e-02  1.38567418e-02  1.25379619e-03  4.10838670e-03\n",
      "   1.13356505e+01  9.25134816e+00  8.49019242e+01  1.26404913e+03\n",
      "   4.83766269e-02  5.73636141e-01  8.52471841e-01  2.29763336e-01\n",
      "   1.34621130e-01  5.06653284e-02]\n",
      " [ 3.37651985e+00  1.63526914e+00  2.41272315e+01  3.27124703e+02\n",
      "   9.10869797e-03  5.54537915e-02  8.84019303e-02  4.54682789e-02\n",
      "   1.51870782e-02  1.59368108e-03  1.89602799e-01 -8.49687460e-02\n",
      "   1.44441472e+00  3.15189314e+01 -3.94315781e-04  1.11407719e-02\n",
      "   1.71180559e-02  4.78580941e-03 -3.23675093e-04  7.33130508e-04\n",
      "   4.89977918e+00  2.84673189e+00  3.53153187e+01  5.47870752e+02\n",
      "   1.60996743e-02  1.62268783e-01  2.29763336e-01  8.46269209e-02\n",
      "   4.00269473e-02  1.18849008e-02]\n",
      " [ 7.00123812e-01  5.47277694e-01  5.56835364e+00  6.12227482e+01\n",
      "   6.71989848e-03  3.26521605e-02  3.95543984e-02  1.76672302e-02\n",
      "   2.32476731e-02  2.85765934e-03  3.17695518e-02 -8.57063599e-02\n",
      "   2.69327395e-01  4.08611408e+00 -3.90542558e-04  6.03002273e-03\n",
      "   7.23466890e-03  1.07005253e-03  3.90055419e-03  3.56208760e-04\n",
      "   1.42627158e+00  1.73552367e+00  1.09731655e+01  1.44293204e+02\n",
      "   1.36631110e-02  1.17144517e-01  1.34621130e-01  4.00269473e-02\n",
      "   7.49678431e-02  1.17711969e-02]\n",
      " [ 8.80860394e-03  1.81370799e-01  4.38545400e-01  4.65294347e-01\n",
      "   2.48420354e-03  1.28420917e-02  1.45215478e-02  5.06045399e-03\n",
      "   4.25166797e-03  1.91641231e-03  4.86177319e-03 -8.90933234e-03\n",
      "   6.11043250e-02  2.82251482e-01  1.07786899e-04  3.74384154e-03\n",
      "   4.69132080e-03  6.78080908e-04  2.28323373e-04  5.53513909e-04\n",
      "   1.59849548e-01  4.76426758e-01  1.65177425e+00  1.60417900e+01\n",
      "   4.98855748e-03  4.51083397e-02  5.06653284e-02  1.18849008e-02\n",
      "   1.17711969e-02  6.38920437e-03]]\n"
     ]
    },
    {
     "data": {
      "text/plain": [
       "<matplotlib.image.AxesImage at 0x7f82c4f1f610>"
      ]
     },
     "execution_count": 27,
     "metadata": {},
     "output_type": "execute_result"
    },
    {
     "data": {
